Best Parameters:
kp_x: 0.429115
ki_x: 0.153212
kd_x: 0.160462
kp_y: 0.974292
ki_y: 0.083700
kd_y: 0.020513
kp_z: 0.585550
ki_z: 0.555709
kd_z: 0.665912
kp_roll: 0.072816
ki_roll: 0.061724
kd_roll: 0.003602
kp_pitch: 0.274235
ki_pitch: 0.044967
kd_pitch: 0.022626
kp_yaw: 0.045336
ki_yaw: 0.000361
kd_yaw: 0.015121
d_filter: 0.548727

Best cost value: 0.456738
Total number of trials: 5
